  12 # base-pairs
   0 # ***local base-pair & step parameters***
#        Shear    Stretch   Stagger   Buckle   Prop-Tw   Opening     Shift     Slide     Rise      Tilt      Roll      Twist
C-G      0.224     0.003    -0.080   -16.057     4.853     0.461     0.000     0.000     0.000     0.000     0.000     0.000
G-C     -0.765    -0.349    -0.118    11.925    16.738    -3.124    -0.867    -0.011     2.771    -1.630    14.736    12.977
C-G      0.203    -0.109    -0.946    17.768    12.600    -2.558     0.169    -1.155     3.368     3.632     6.446    43.866
G-C     -0.577    -0.189     0.612   -10.020    -8.820     3.757     0.892    -1.220     4.378    -5.857   -14.389    38.789
A-T      0.488     0.147     0.176   -13.169     1.174    -1.962    -1.160    -1.258     3.509     5.602     5.384    29.366
A-T      0.152     0.023     0.778     1.355     0.927    -0.862     0.317    -0.112     3.001    -6.295    16.587    23.406
T-A     -0.084    -0.449     1.558     1.754     3.486     4.754     0.331     0.053     4.685    -8.202   -51.752    39.312
T-A     -0.088     0.016    -0.304     6.399    -2.388     3.446    -0.778    -0.302     3.398    16.213    17.571    24.070
C-G      0.125    -0.054    -0.150    11.541     1.084    -0.429     1.074    -0.619     3.334    -1.705     2.110    29.003
G-C     -0.048    -0.046    -0.138    -7.236   -10.551    -1.821    -0.620    -0.764     4.618    -4.987    -9.309    39.044
C-G     -0.581    -0.064    -0.166   -11.605     0.433    -0.708     0.158    -1.464     3.624     3.001    -9.067    37.872
G-C      0.238    -0.121    -0.045    10.560     9.915    -0.971    -1.011    -0.487     2.857    -3.459     7.319    25.363
